At time 1763095236.619885251
- Translation: [0.168, 0.005, 0.000]
- Rotation: in Quaternion [0.000, 0.000, -0.162, 0.987]
- Rotation: in RPY (radian) [0.000, 0.000, -0.325]
- Rotation: in RPY (degree) [0.000, 0.000, -18.606]
- Matrix:
  0.948  0.319  0.000  0.168
 -0.319  0.948 -0.000  0.005
 -0.000  0.000  1.000  0.000
  0.000  0.000  0.000  1.000
At time 1763095237.612515395
- Translation: [0.084, 0.001, 0.000]
- Rotation: in Quaternion [0.000, 0.000, -0.178, 0.984]
- Rotation: in RPY (radian) [0.000, 0.000, -0.357]
- Rotation: in RPY (degree) [0.000, 0.000, -20.456]
- Matrix:
  0.937  0.349  0.000  0.084
 -0.349  0.937 -0.000  0.001
 -0.000  0.000  1.000  0.000
  0.000  0.000  0.000  1.000
At time 1763095238.620210275
- Translation: [0.041, 0.000, 0.000]
- Rotation: in Quaternion [0.000, 0.000, -0.185, 0.983]
- Rotation: in RPY (radian) [0.000, 0.000, -0.373]
- Rotation: in RPY (degree) [0.000, 0.000, -21.375]
- Matrix:
  0.931  0.364  0.000  0.041
 -0.364  0.931 -0.000  0.000
 -0.000  0.000  1.000  0.000
  0.000  0.000  0.000  1.000
At time 1763095239.612167933
- Translation: [0.021, 0.000, 0.000]
- Rotation: in Quaternion [0.000, 0.000, 0.255, 0.967]
- Rotation: in RPY (radian) [0.000, -0.000, 0.515]
- Rotation: in RPY (degree) [0.000, -0.000, 29.523]
- Matrix:
  0.870 -0.493  0.000  0.021
  0.493  0.870  0.000  0.000
  0.000  0.000  1.000  0.000
  0.000  0.000  0.000  1.000
At time 1763095240.620455965
- Translation: [0.983, 0.479, 0.000]
- Rotation: in Quaternion [0.000, 0.000, 0.496, 0.868]
- Rotation: in RPY (radian) [0.000, -0.000, 1.038]
- Rotation: in RPY (degree) [0.000, -0.000, 59.495]
- Matrix:
  0.508 -0.862  0.000  0.983
  0.862  0.508  0.000  0.479
  0.000  0.000  1.000  0.000
  0.000  0.000  0.000  1.000
At time 1763095241.612322050
- Translation: [1.460, 0.790, 0.000]
- Rotation: in Quaternion [0.000, 0.000, 0.551, 0.835]
- Rotation: in RPY (radian) [0.000, -0.000, 1.166]
- Rotation: in RPY (degree) [0.000, -0.000, 66.814]
- Matrix:
  0.394 -0.919  0.000  1.460
  0.919  0.394  0.000  0.790
  0.000  0.000  1.000  0.000
  0.000  0.000  0.000  1.000
At time 1763095242.620846554
- Translation: [1.559, 0.965, 0.000]
- Rotation: in Quaternion [0.000, 0.000, 0.636, 0.772]
- Rotation: in RPY (radian) [0.000, -0.000, 1.379]
- Rotation: in RPY (degree) [0.000, -0.000, 79.001]
- Matrix:
  0.191 -0.982  0.000  1.559
  0.982  0.191  0.000  0.965
  0.000  0.000  1.000  0.000
  0.000  0.000  0.000  1.000
At time 1763095243.611837065
- Translation: [1.471, 1.019, 0.000]
- Rotation: in Quaternion [0.000, 0.000, 0.733, 0.681]
- Rotation: in RPY (radian) [0.000, -0.000, 1.644]
- Rotation: in RPY (degree) [0.000, -0.000, 94.212]
- Matrix:
 -0.073 -0.997  0.000  1.471
  0.997 -0.073  0.000  1.019
  0.000  0.000  1.000  0.000
  0.000  0.000  0.000  1.000
At time 1763095244.620503245
- Translation: [1.080, 1.190, 0.000]
- Rotation: in Quaternion [0.000, 0.000, 0.777, 0.629]
- Rotation: in RPY (radian) [0.000, -0.000, 1.781]
- Rotation: in RPY (degree) [0.000, -0.000, 102.026]
- Matrix:
 -0.208 -0.978  0.000  1.080
  0.978 -0.208  0.000  1.190
  0.000  0.000  1.000  0.000
  0.000  0.000  0.000  1.000
At time 1763095245.612592574
- Translation: [1.058, 1.153, 0.000]
- Rotation: in Quaternion [0.000, 0.000, 0.843, 0.538]
- Rotation: in RPY (radian) [0.000, -0.000, 2.006]
- Rotation: in RPY (degree) [0.000, -0.000, 114.908]
- Matrix:
 -0.421 -0.907  0.000  1.058
  0.907 -0.421  0.000  1.153
  0.000  0.000  1.000  0.000
  0.000  0.000  0.000  1.000
At time 1763095245.756835266
- Translation: [1.060, 1.057, 0.000]
- Rotation: in Quaternion [0.000, 0.000, 0.865, 0.502]
- Rotation: in RPY (radian) [0.000, -0.000, 2.089]
- Rotation: in RPY (degree) [0.000, -0.000, 119.712]
- Matrix:
 -0.496 -0.869  0.000  1.060
  0.869 -0.496  0.000  1.057
  0.000  0.000  1.000  0.000
  0.000  0.000  0.000  1.000
At time 1763095247.609640580
- Translation: [1.059, 0.843, 0.000]
- Rotation: in Quaternion [0.000, 0.000, 0.810, 0.586]
- Rotation: in RPY (radian) [0.000, -0.000, 1.889]
- Rotation: in RPY (degree) [0.000, -0.000, 108.220]
- Matrix:
 -0.313 -0.950  0.000  1.059
  0.950 -0.313  0.000  0.843
  0.000  0.000  1.000  0.000
  0.000  0.000  0.000  1.000
At time 1763095248.618513384
- Translation: [0.920, 0.701, 0.000]
- Rotation: in Quaternion [0.000, 0.000, 0.848, 0.529]
- Rotation: in RPY (radian) [0.000, -0.000, 2.026]
- Rotation: in RPY (degree) [0.000, -0.000, 116.058]
- Matrix:
 -0.439 -0.898  0.000  0.920
  0.898 -0.439  0.000  0.701
  0.000  0.000  1.000  0.000
  0.000  0.000  0.000  1.000
At time 1763095249.610255670
- Translation: [0.887, 1.365, 0.000]
- Rotation: in Quaternion [0.000, 0.000, 0.756, 0.654]
- Rotation: in RPY (radian) [0.000, -0.000, 1.715]
- Rotation: in RPY (degree) [0.000, -0.000, 98.242]
- Matrix:
 -0.143 -0.990  0.000  0.887
  0.990 -0.143  0.000  1.365
  0.000  0.000  1.000  0.000
  0.000  0.000  0.000  1.000
At time 1763095250.618292430
- Translation: [1.382, 0.837, 0.000]
- Rotation: in Quaternion [0.000, 0.000, 0.870, 0.493]
- Rotation: in RPY (radian) [0.000, -0.000, 2.110]
- Rotation: in RPY (degree) [0.000, -0.000, 120.872]
- Matrix:
 -0.513 -0.858  0.000  1.382
  0.858 -0.513  0.000  0.837
  0.000  0.000  1.000  0.000
  0.000  0.000  0.000  1.000
At time 1763095251.609707340
- Translation: [0.853, 0.204, 0.000]
- Rotation: in Quaternion [0.000, 0.000, 0.900, 0.435]
- Rotation: in RPY (radian) [0.000, -0.000, 2.241]
- Rotation: in RPY (degree) [0.000, -0.000, 128.393]
- Matrix:
 -0.621 -0.784  0.000  0.853
  0.784 -0.621  0.000  0.204
  0.000  0.000  1.000  0.000
  0.000  0.000  0.000  1.000
At time 1763095252.618277682
- Translation: [0.438, 0.048, 0.000]
- Rotation: in Quaternion [0.000, 0.000, 0.842, 0.539]
- Rotation: in RPY (radian) [0.000, -0.000, 2.003]
- Rotation: in RPY (degree) [0.000, -0.000, 114.755]
- Matrix:
 -0.419 -0.908  0.000  0.438
  0.908 -0.419  0.000  0.048
  0.000  0.000  1.000  0.000
  0.000  0.000  0.000  1.000
